1
2
3
4
6
8
12
16
24
32
41
48
49
66
73
99
100
115
134
148
157
191
200
223
234
273
305
329
357
386
412
434
460
507
513
549
566
625
636
676
726
754
791
870
885
931
957
987
1041
1096
1121
1216
1247
1352
1470
1501
1510
1545
1611
1682
1688
1769
1857
1934
1984
2119
2181
2261
2324
2404
2462
2547
2785
2812
2830
2918
2994
3067
3147
3268
3308
3403
3684
3709
3887
4108
4127
4477
4589
4710
4798
4983
5049
5132
5275
5278
5285
5622
5650
5743
5847
6044
6383
6449
6513
6657
6795
6910
6976
7141
7290
7557
7734
7806
7868
8290
8412
8437
8507
8964
8997
9124
9272
9520
9582
9807
9998
10131
10161
10346
10715
10876
10963
11360
11772
11863
12287
12457
12706
12773
13001
13061
13114
13654
13963
14102
14262
14431
14435
14797
14997
15527
15687
15694
15795
16035
16459
16703
17077
17189
17646
17947
18075
18097
18257
18823
19137
19760
19827
19884
20326
20537
20593
20974
21223
21385
21924
22315
22659
22699
23596
23822
24158
24177
24388
24697
25330
25762
25912
26088
26793
26806
26865
27699
27955
28366
28928
29197
29210
29272
30063
30077
30524
30812
31287
31332
31567
31627
32571
32670
33027
33531
33853
34120
34268
35283
36068
36293
36552
36699
37253
37594
37735
38023
38148
38934
39326
39829
40389
40598
41220
41447
41898
42216
42446
43255
43805
44380
44773
45354
45742
46108
46796
46991
47351
47749
48019
48650
49222
50287
50446
50746
51408
51999
52474
53194
53311
54281
54749
54831
55601
55802
56743
57179
57778
58374
58568
59372
59655
60408
60960
61316
61743
62229
63217
63690
63915
65242
65359
65577
66054
66238
67696
67906
68673
70035
70477
70929
71883
72285
72725
73753
74127
74349
74449
75117
76826
78308
78803
79049
80040
80531
81066
81093
82136
82371
82625
84155
84853
85584
87486
87669
87682
88080
88745
89082
89387
89517
90364
91091
91159
91745
93949
94055
95517
95535
95895
97027
97063
98266
98557
99062
100281
101883
102086
103456
103495
103606
104617
105940
106604
106659
107831
108788
109545
110212
110228
110602
112112
113023
113823
114019
114725
115906
116415
117301
117553
117720
118929
119911
122519
123183
124384
124537
125663
125932
127371
128303
128851
130499
130537
131366
132112
132197
133478
133842
134495
134878
135278
135863
136205
137805
138439
138951
140021
140913
142846
143578
144256
145243
146903
148889
148999
149042
149903
151755
152957
153203
154043
155619
157014
158104
158333
158836
159988
160830
161658
162332
162930
163692
163875
164194
165060
165813
168513
170033
170233
170772
171765
173768
173839
175322
177151
177386
177961
178887
180726
182330
182775
184138
184303
184680
187156
188251
188668
190191
190285
192208
193190
193247
194454
194559
195786
197868
199169
199586
200892
202554
202658
203092
204742
205287
207230
209214
209730
210090
210681
213896
214463
214680
216919
218942
220118
220211
221337
221824
224044
224699
226947
227194
227236
228628
230994
231836
234556
236184
236355
236915
237780
238007
239267
240874
242674
243868
246155
247388
247607
248077
251049
252156
252692
254154
255716
255823
258140
260075
260295
261583
262928
263671
264770
265344
269499
270297
270555
271318
271948
272374
273796
275599
277688
278046
280378
281903
283083
284500
284799
286345
287522
287631
289310
291988
292787
293061
294699
295858
297818
299312
302971
303288
303834
307078
307612
308383
311302
312682
313905
314133
314688
315826
317055
317484
319326
323648
324392
325778
326537
328030
330970
331351
332075
334221
336326
338271
338377
338388
338843
340284
341744
342043
344051
344564
346587
349312
350143
351830
353083
354455
356529
359589
361649
363027
363829
364145
367238
368674
371290
372619
373181
374196
376518
377443
380018
382147
382322
383736
387131
387248
388811
389110
389746
394818
396521
398460
399731
401689
404687
405181
406921
407490
407670
411682
413748
414731
418077
419531
421147
422283
422435
423327
425737
428359
431253
431340
435753
439075
439197
439379
440405
444289
445295
447318
447820
448210
449913
451490
452235
452839
456868
460103
460149
460880
462638
463545
468647
469124
471725
472885
473089
474584
477915
478756
479296
484003
486118
488391
490746
490898
491703
494353
494361
496063
497470
499367
499502
503017
503260
505551
505684
510150
511447
513543
514742
514744
519565
521636
523378
523588
526265
527606
531259
532738
534312
536114
536208
540088
541721
544418
546038
547181
550260
553838
555242
555961
556030
556283
558532
560714
560927
569085
571802
572455
572638
574245
574912
575962
577673
580891
581630
583816
585173
587698
589130
592441
592721
594943
597715
597743
599722
604636
607937
611753
613160
614129
617684
620084
621391
625981
626045
627463
629324
631342
633471
635375
638415
640383
641263
644233
644997
649197
649499
650088
652378
653457
659428
662295
663160
664055
665550
665960
668216
670969
676054
679728
680118
684693
688918
689625
695581
696564
698784
700128
704229
705135
706421
707787
708677
711316
716166
716838
718411
719706
721280
725741
728126
730906
731672
732801
736060
738090
745984
748324
749963
750249
752052
756900
757480
760258
763350
765841
767120
767928
767981
770436
771060
773322
775184
778482
781853
788646
791035
793534
794291
799315
803863
804500
807918
810325
812361
816666
816936
818007
818549
820823
823009
824156
824606
826691
829755
831702
832154
835339
838157
843702
844965
847848
854976
855019
855409
858452
863484
868720
870093
871932
874825
875300
881064
882310
884152
885413
887039
889225
892262
894060
895439
898480
903345
904521
904667
909622
911915
918075
920490
922716
928390
929847
937116
937637
938111
940799
945819
947075
950985
954130
957662
957912
961290
963913
966180
967056
970498
973802
978354
982864
983110
983459
983931
986388
996147
996772
1003353
1004084
1004555
1005605
1008704
1013386
1016155
1018645
1023257
1026459
1029069
1029914
1030787
1034518
1037464
1037935
1041828
1042338
1046262
1048267
1051053
1061672
1067769
1068791
1069668
1073348
1077050
1077676
1079409
1088795
1089731
1091972
1095666
1097997
1098395
1100206
1100930
1101110
1102822
1104704
1106063
1110851
1111529
1121090
1121373
1122693
1129527
1132411
1133727
1136416
1141598
1144526
1147297
1149438
1152491
1157668
1157849
1162288
1164730
1165994
1170887
1173202
1174080
1174429
1180982
1181916
1183828
1186344
1188911
1189180
1196398
1197296
1202538
1204344
1206856
1209176
1211855
1213224
1214115
1220366
1224982
1226324
1227481
1236172
1236382
1239214
1246215
1247463
1256234
1259055
1260690
1265164
1265557
1266916
1277067
1280395
1282386
1285636
1287189
1287697
1291585
1303164
1304698
1311724
1311911
1317387
1319591
1321067
1324405
1325380
1328268
1330491
1334593
1336159
1339072
1341831
1344549
1352126
1353636
1354692
1355269
1361908
1365567
1369605
1378829
1385669
1388560
1394043
1394943
1397299
1405296
1408289
1408830
1409730
1414501
1417004
1417963
1422280
1425780
1427042
1432354
1439058
1442068
1443526
1446871
1450704
1454687
1454746
1458463
1463931
1465390
1469968
1470590
1476538
1477005
1483129
1487079
1490145
1492264
1494267
1495686
1496193
1502108
1510752
1514197
1521062
1527529
1528284
1529132
1535553
1536631
1537597
1539541
1543434
1546947
1548234
1552741
1559770
1561387
1563466
1564839
1569012
1575410
1581956
1585801
1586419
1589011
1593855
1601197
1601272
1603926
1604236
1606313
1619807
1622846
1626960
1627618
1641161
1641799
1644339
1649564
1656965
1658124
1659947
1661277
1661848
1664142
1664898
1666056
1666434
1675463
1676953
1681366
1687948
1691020
1703112
1705634
1707179
1709478
1711838
1720781
1722858
1732725
1733098
1733841
1736052
1741525
1754035
1754464
1759760
1760418
1765942
1769836
1773470
1774804
1775344
1777729
1780694
1787403
1788713
1800929
1801694
1807582
1809857
1815597
1815663
1817085
1819992
1820810
1831480
1833233
1837420
1844455
1847060
1850457
1850797
1852315
1852701
1861405
1867576
1875598
1880490
1888813
1893958
1896006
1896737
1899155
1903463
1904342
1904581
1905873
1917420
1917848
1921088
1928274
1936071
1941344
1942944
1943387
1945395
1954132
1955065
1956650
1963550
1969861
1970048
1971987
1976793
1982656
1983104
1984763
1996691
1998635
2000456
2001300
2002775
2005591
2008057
2009795
2012057
2019157
2019571
2025877
2038824
2044442
2050695
2050999
2054560
2055009
2059076
2060542
2069402
2071601
2074566
2087832
2093658
2096233
2100391
2107978
2113612
2120623
2120869
2126847
2131169
2132368
2135434
2137509
2147164
2156116
2156968
2164813
2168368
2171086
2172478
2173868
2184458
2189574
2198031
2201426
2205146
2211903
2222732
2223049
2224929
2226178
2227913
2229092
2234743
2235938
2250294
2252531
2261476
2261720
2263340
2264608
2272892
2274194
2281260
2286348
2287021
2290817
2293582
2294005
2299489
2308329
2315375
2317521
2320556
2322730
2326568
2333976
2340347
2345103
2347663
2361226
2364548
2365167
2367315
2372272
2378622
2380799
2381074
2382080
2394242
2395307
2399662
2403458
2415817
2421555
2424807
2432266
2434413
2444462
2448692
2452104
2455474
2457681
2457769
2464976
2476517
2482445
2482591
2487468
2490736
2490953
2496594
2502327
2504401
2506793
2513136
2520721
2528315
2538403
2544589
2545964
2546732
2546746
2555159
2570008
2572078
2572839
2577853
2586132
2591724
2594490
2597500
2597800
2608947
2612420
2620758
2624959
2625245
2628842
2637505
2641073
2646124
2660741
2662484
2664989
2669540
2674409
2682338
2698936
2701894
2705036
2709632
2713758
2714134
2716728
2723381
2724630
2731942
2737977
2743504
2743856
2746615
2753014
2754853
2767093
2778986
2781170
2783717
2786550
2793131
2794138
2795012
2797573
2801895
2807633
2813109
2819503
2825016
2828418
2839440
2839937
2843059
2854594
2860427
2864008
2869569
2873655
2877055
2878167
2883375
2887853
2889979
2895279
2899820
2899954
2906571
2917491
2920825
2924234
2929854
2931718
2934432
2940816
2943617
2950093
2953576
2969137
2975796
2976002
2990067
2999946
3000250
3002815
3004644
3007684
3019796
3024355
3044830
3047111
3047675
3057741
3058578
3065018
3065728
3069606
3084693
3087746
3092191
3094826
3098815
3101089
3103565
3116976
3121934
3127814
3129197
3133995
3135630
3140971
3141409
3162982
3166630
3169702
3177024
3187450
3193896
3199937
3203416
3214649
3215980
3219367
3225451
3233339
3235140
3243291
3251454
3251751
3257076
3259886
3263931
3279526
3289776
3289904
3291318
3297734
3305466
3316437
3323536
3328988
3342849
3344094
3349812
3352199
3352458
3366879
3374926
3376557
3376993
3383443
3395051
3398399
3407554
3423437
3426479
3430715
3431453
3441520
3452434
3454817
3455180
3461355
3462097
3464912
3475709
3476328
3487778
3496509
3498104
3502307
3511042
3512936
3513021
3524044
3538904
3544135
3545164
3553280
3567386
3571143
3583851
3584669
3589013
3590742
3599923
3603983
3604162
3605922
3609684
3619648
3620908
3623818
3632984
3643800
3649821
3654525
3654597
3664114
3677822
3682898
3687283
3696432
3697000
3710695
3715362
3719466
3722984
3734349
3737978
3740067
3747652
3752519
3755468
3766779
3772952
3775851
3779990
3781273
3785032
3787529
3789388
3802560
3809695
3810522
3810537
3823634
3829206
3831189
3840517
3843721
3857511
3859487
3864631
3864953
3872614
3885579
3889175
3893060
3900040
3909262
3916183
3919728
3928912
3930645
3939002
3954218
3960187
3965774
3968061
3972224
3979377
3987983
3988060
4006382
4014814
4017502
4027798
4028192
4032752
4042480
4042819
4048774
4048899
4050712
4057267
4063486
4067518
4083649
4085729
4106304
4116511
4119485
4123284
4126402
4127596
4133485
4134675
4139372
4152037
4160763
4163301
4172386
4177394
4182765
4192256
4195732
4197015
4209160
4211174
4220287
4227054
4230776
4235374
4240942
4256537
4264117
4271513
4280231
4295280
4297407
4301552
4301881
4302971
4320438
4324784
4337023
4343637
4344859
4348242
4355018
4357086
4363296
4369875
4380018
4384222
4402101
4414124
4416977
4419541
4434991
4435383
4436415
4439247
4441231
4448572
4466977
4468951
4475871
4484191
4491326
4496014
4505544
4511682
4516989
4518846
4524508
4538849
4541941
4543160
4554271
4564345
4568911
4569295
4571448
4577877
4581950
4583236
4585187
4606736
4607373
4610226
4611287
4634719
4639150
4649657
4653194
4653215
4674677
4679011
4681997
4693031
4698419
4699989
4705000
4710213
4725583
4728857
4732065
4738340
4746676
4754188
4755803
4766152
4775148
4793571
4811101
4825711
4826778
4830612
4834535
4845986
4845999
4862655
4863503
4870177
4880086
4900940
4908128
4920131
4926217
4933994
4935209
4941926
4951665
4965505
4971748
4977288
4983065
4984153
4995943
4996289
5000300
5013527
5021225
5027658
5031636
5033707
5038165
5044128
5060139
5071340
5074964
5075636
5089717
5091793
5094412
5096082
5119435
5124491
5126306
5131757
5138282
5140358
5141505
5156027
5171088
5171176
5182275
5183238
5205846
5213202
5220236
5223805
5224413
5228521
5240219
5253831
5258876
5262361
5263511
5278813
5293400
5310222
5314476
5316424
5319083
5327326
5335881
5338404
5347653
5349338
5354326
5367315
5370874
5374501
5390927
5395146
5401749
5409929
5414398
5425234
5425858
5432820
5434813
5451338
5455155
5472444
5479079
5483072
5499689
5506614
5511100
5519156
5520166
5524634
5545183
5548077
5548127
5554922
5566727
5566799
5575781
5586865
5604146
5618862
5622522
5623967
5629886
5640302
5647783
5652263
5658256
5659221
5668665
5682584
5691630
5700725
5703635
5722477
5725314
5728858
5737103
5737395
5743384
5752612
5754771
5761937
5777860
5781714
5785944
5794485
5795849
5815617
5830866
5837079
5849920
5854725
5867352
5875151
5887502
5895971
5897089
5901244
5903792
5915531
5916222
5933209
5933735
5942565
5958778
5981326
5997504
6000418
6005869
6021915
6030757
6038389
6046816
6055788
6059091
6069271
6070464
6074031
6077965
6080291
6085203
6089320
6099565
6105265
6107040
6110628
6136773
6140259
6152936
6153584
6160068
6174165
6186917
6187845
6202717
6209687
6211984
6218590
6219146
6220647
6239500
6247017
6259343
6259579
6261720
6282600
6291479
6295578
6301372
6312379
6315477
6320413
6322470
6328228
6339118
6339491
6362356
6365257
6398792
6411514
6417708
6421942
6424349
6452953
6455173
6456890
6465561
6489669
6504358
6514313
6527010
6532768
6535647
6538951
6538995
6550876
6554751
6573243
6583183
6587783
6591327
6591386
6594826
6606378
6620823
6624750
6634954
6647541
6648930
6659903
6665312
6678553
6684536
6693524
6703318
6711265
6717364
6734933
6747962
6763805
6769054
6770429
6770824
6775503
6776674
6791141
6803309
6816114
6818821
6823726
6826898
6829884
6829914
6846119
6852383
6855390
6882617
6891067
6893697
6894323
6895042
6897288
6908748
6917225
6934132
6934731
6955248
6959817
6961958
6973292
6979845
7002537
7009377
7016400
7016454
7039230
7040404
7067073
7090617
7094521
7097431
7101662
7118136
7126435
7133130
7136352
7137354
7151658
7168380
7169384
7174117
7191817
7192310
7203852
7217668
7218130
7223818
7227802
7238533
7240730
7262449
7270011
7270479
7286326
7307914
7314800
7315831
7320182
7329274
7343809
7344429
7346666
7356817
7371737
7383219
7384168
7389019
7398994
7403420
7411093
7434313
7445662
7456045
7463729
7481631
7483153
7495530
7502331
7508348
7512661
7523197
7530732
7543810
7560763
7580556
7585239
7585297
7592038
7618813
7622430
7633659
7645513
7668409
7685828
7690679
7708032
7716738
7721532
7732654
7743235
7748743
7751499
7756965
7776128
7787050
7789923
7790912
7796775
7797519
7804345
7824231
7842294
7846566
7855469
7862335
7871499
7878664
7880470
7897375
7902690
7909653
7930044
7936383
7958068
7961078
7962751
7981148
7989581
7997949
8002283
8004011
8014556
8021173
8025238
8052194
8059989
8076888
8082196
8094558
8098618
8100976
8106406
8120673
8121814
8125591
8135772
8147502
8151947
8177841
8197090
8203806
8208409
8211169
8217697
8219623
8258717
8260825
8268537
8270282
8279352
8282788
8288205
8294922
8300626
8318581
8337029
8353647
8360431
8381259
8400457
8401440
8401742
8401872
8411447
8421023
8424912
8425099
8425180
8434169
8438379
8502616
8505369
8511980
8524911
8525793
8536084
8556490
8561598
8574994
8589496
8591141
8596937
8611526
8613723
8615400
8618826
8624610
8627136
8636699
8647230
8658183
8658295
8678588
8687643
8699985
8718764
8722393
8729223
8739789
8744892
8750084
8750301
8767393
8800969
8820510
8829530
8836484
8838569
8850974
8855925
8858613
8869472
8874964
8881079
8883020
8886797
8896738
8897076
8915343
8943838
8950694
8985332
8989881
9014942
9017009
9030241
9037153
9044652
9054527
9057123
9059500
9066640
9077247
9086370
9088401
9100010
9107229
9145896
9148037
9167682
9168773
9175440
9186410
9207045
9207983
9209716
9232305
9235868
9244279
9252743
9265140
9277809
9285162
9287447
9319688
9343506
9350365
9362421
9370243
9386408
9391365
9409273
9411078
9414508
9429904
9439450
9444147
9447235
9465388
9487281
9495948
9500702
9502238
9507391
9511053
9517985
9528513
9561020
9565173
9573992
9591295
9613798
9633194
9645962
9647591
9650980
9655753
9656599
9656844
9668288
9673731
9695773
9699232
9718669
9723584
9739195
9750080
9754647
9772034
9777569
9793668
9793674
9795180
9829816
9845271
9854141
9862611
9874049
9877835
9889784
9901166
9905489
9910968
9939742
9940269
9955528
9963632
9977921
9981805
9989954
10004879
10010669
10024923
10034993
10055857
10101251
10110191
10115271
10115992
10140144
10141994
10148221
10160891
10184792
10193194
10206788
10217371
10222646
10229915
10240055
10241555
10257405
10278520
10286561
10286610
10292382
10308318
10319494
10319923
10320516
10343151
10358092
10363463
10379579
10395952
10403209
10409167
10416334
10424335
10439109
10443277
10450605
10463005
10479844
10480569
10499557
10510437
10525017
10531334
10551931
10562262
10571134
10616778
10625174
10625595
10648611
10651857
10654951
10658850
10659562
10660576
10666195
10674192
10682292
10690930
10725732
10749460
10760560
10765100
10768236
10777915
10789995
10810201
10817648
10849862
10879719
10884379
10894504
10897870
10926382
10944580
10954677
10960787
10968716
10976558
10987703
10991915
11014243
11029693
11040678
11048932
11052942
11081316
11105168
11115830
11120843
11124116
11134729
11139929
11141056
11153906
11167157
11173388
11181560
11190926
11195988
11227410
11229427
11238569
11265570
11273045
11287635
11290565
11301777
11319185
11336630
11340029
11354193
11370305
11399015
11403777
11410509
11410914
11418859
11418991
11430204
11440984
11441016
11455583
11477565
11480234
11486233
11504727
11510019
11521615
11535779
11545628
11547523
11554362
11561668
11573243
11583591
11584761
11610241
11616629
11678718
11687585
11692425
11699012
11707830
11726134
11733187
11750233
11757918
11766779
11790624
11802106
11803398
11818032
11842455
11862716
11869627
11886289
11893310
11895274
11905260
11908077
11917418
11924769
11925173
11934505
11984834
11989424
11996954
12003121
12010383
12015514
12043459
12046999
12049693
12081858
12096679
12098309
12111951
12136428
12154567
12160496
12198508
12199076
12224364
12235760
12245942
12249283
12252017
12279084
12301285
12310012
12324032
12325794
12343124
12354668
12354987
12389738
12409062
12409716
12418445
12426159
12436101
12443120
12459546
12474934
12484323
12486353
12488995
12522122
12537629
12553276
12555230
12561568
12565168
12587116
12594249
12611290
12632748
12634954
12651582
12681083
12708312
12724455
12734579
12746228
12749216
12752062
12777106
12794115
12822119
12831605
12869469
12870139
12878464
12901358
12910949
12926862
12927851
12931687
12958956
12968994
12973880
12974625
12981602
12985662
12992002
12995804
13004180
13012615
13016657
13037045
13037434
13045409
13054396
13055289
13056943
13110157
13115802
13145770
13156177
13159706
13163342
13167985
13176428
13181061
13182606
13202660
13205373
13242250
13256088
13285288
13318873
13322129
13344968
13346174
13346927
13373316
13378301
13379407
13399814
13408793
13417109
13434721
13438092
13438811
13439035
13443726
13494259
13502923
13515821
13523122
13528848
13580407
13587750
13589432
13593155
13613171
13643337
13650370
13659140
13660956
13675459
13678349
13692272
13694841
13698290
13726621
13742179
13748885
13764608
13767624
13811231
13812526
13819607
13822974
13849921
13851277
13860570
13884213
13885912
13916350
13926868
13963908
13964954
13968642
13991857
13993918
14015986
14049690
14055127
14062512
14088377
14092768
14094376
14108039
14111352
14119093
14155435
14156577
14166013
14167936
14169394
14177955
14193698
14195221
14199797
14201991
14242669
14262822
14270328
14286710
14305866
14323461
14335128
14349860
14361781
14366182
14397604
14398032
14432657
14453783
14488590
14491055
14509100
14535272
14539575
14544724
14602647
14607946
14632116
14639547
14639676
14643807
14650644
14678900
14680804
14688964
14719320
14729385
14731396
14731603
14753617
14764426
14781073
14803309
14814982
14823792
14825476
14833938
14834783
14844820
14857360
14859160
14862695
14878620
14885163
14892255
14901117
14925532
14930104
14930990
14954105
14958299
14976387
14998685
15017873
15045395
15046106
15072851
15081032
15108292
15113885
15120930
15144903
15152135
15170944
15192305
15222506
15226475
15232585
15233489
15237580
15309735
15323329
15324908
15329606
15334234
15350019
15359672
15383327
15383758
15401160
15416441
15421838
15500738
15508005
15515755
15526248
15526371
15527201
15587489
15590146
15598746
15599566
15630403
15643590
15647807
15650264
15663476
15682499
15683195
15702818
15710475
15720357
15727969
15728886
15754952
15757427
15770890
15773354
15787603
15794379
15806719
15819857
15839378
15842293
15851093
15870742
15918281
15924156
15944007
15949514
15975946
15988342
15991173
16010024
16016296
16077339
16084818
16099012
16105697
16130130
16160559
16163396
16169104
16184124
16188511
16198002
16215781
16230477
16235868
16272307
16302859
16350215
16364186
16365237
16371136
16414915
16431903
16433330
16433516
16435796
16450465
16464608
16465008
16492585
16503840
16513257
16526390
16559357
16569638
16572615
16575145
16583043
16608038
16612247
16618401
16647808
16670688
16691332
16692115
16722421
16730746
16739474
16740811
16741801
16758649
16775993
16777730
16799440
16800394
16805033
16834267
16844616
16871588
16895085
16918558
16923566
16927753
16931189
16963552
16988347
16997214
17011601
17042536
17044210
17044973
17053287
17063043
17074264
17083070
17119506
17152726
17160583
17178685
17211918
17245031
17245498
17259486
17282824
17302787
17303519
17308359
17309048
17324727
17329444
17366041
17376857
17401303
17402537
17409018
17445188
17452137
17457117
17465188
17469079
17493955
17527829
17529560
17535403
17544961
17572970
17588912
17589126
17610048
17611746
17612658
17615382
17629506
17640408
17685911
17706258
17710456
17714936
17739751
17748268
17750943
17755280
17796246
17841491
17842182
17868351
17880765
17884117
17891510
17921956
17932994
17956507
17966699
17979453
17988094
18020647
18021508
18043191
18064127
18065736
18068737
18075925
18081408
18104535
18111816
18121176
18139981
18153838
18165188
18171969
18182922
18186725
18203717
18256104
18277773
18294597
18340291
18346139
18347034
18365918
18395648
18398410
18408488
18412522
18413802
18419530
18474002
18484368
18503336
18529639
18531797
18534453
18541792
18556708
18586571
18608455
18611310
18617477
18656917
18663515
18677320
18701960
18710632
18716522
18741926
18757996
18760298
18799744
18824620
18831641
18835642
18844274
18886252
18895394
18906902
18941445
18941811
18969987
18973340
18998523
19009682
19024981
19025538
19038097
19053354
19103438
19111634
19126816
19127458
19158973
19190468
19196022
19211915
19260766
19285485
19298685
19299570
19301262
19312014
19314730
19356114
19357637
19390874
19413526
19416147
19422112
19444106
19450356
19476825
19497460
19522403
19538048
19611454
19616132
19618345
19635113
19643141
19653185
19664135
19694584
19717276
19720582
19736691
19748166
19758651
19762205
19776923
19813413
19837794
19859875
19866456
19878293
19888080
19899026
19900645
19902217
19929822
19942280
19982603
19987694
20011253
20035415
20046387
20060845
20061118
20083342
20083364
20088852
20094795
20166939
20180908
20207396
20244104
20247201
20255698
20299505
20322901
20329331
20342204
20354169
20371920
20392296
20414320
20422104
20422124
20455488
20457940
20466704
20474542
20490467
20513849
20544736
20557426
20573599
20573706
20575159
20618675
20681104
20685383
20685981
20721123
20724368
20732993
20747362
20770675
20792088
20799335
20808792
20834496
20841258
20852527
20870639
20881238
20885062
20918980
20923822
20947000
20950782
20955632
20957212
20994111
21021074
21026920
21066501
21083704
21084623
21089479
21094033
21102097
21120419
21137869
21150227
21158760
21167503
21172405
21233795
21238762
21262521
21309176
21319232
21358020
21369821
21439367
21440381
21457476
21481526
21496020
21498419
21503292
21512968
21519865
21527641
21569614
21616306
21627983
21629874
21632380
21664651
21683961
21691455
21699926
21711278
21713183
21725075
21736448
21743293
21766844
21768169
21787471
21826202
21837913
21886140
21897414
21908306
21910580
21970776
21985503
21988414
21992964
22002646
22013496
22015286
22031035
22047184
22052113
22072063
22073022
22136826
22145116
22150494
22164076
22174965
22181323
22187705
22192974
22216160
22268823
22292998
22324039
22332149
22337362
22350993
22352839
22395884
22403256
22427269
22445784
22452587
22469195
22491324
22549421
22583628
22590127
22600085
22618612
22621689
22640568
22654435
22678949
22707594
22728935
22789024
22793194
22819082
22834994
22838609
22855816
22871945
22900941
22940233
22941687
22944559
22950684
22984166
22989430
23040239
23044165
23050349
23059885
23096117
23105784
23118613
23121502
23130345
23133613
23179483
23181624
23182984
23189944
23193837
23217405
23245232
23263148
23275945
23309251
23309801
23321974
23392400
23393219
23452171
23511379
23526295
23533561
23546195
23561868
23570259
23589571
23624638
23631797
23674930
23679843
23702720
23715338
23728522
23757468
23761364
23770407
23782820
23791407
23803096
23808967
23812415
23815477
23817942
23826801
23890174
23905273
23924354
23952700
23967928
23987995
24001712
24024451
24029419
24045289
24079879
24082517
24093059
24095531
24130801
24152610
24164130
24231425
24231631
24235589
24251198
24268165
24270428
24279575
24280827
24327288
24353552
24363699
24380443
24403321
24421620
24434826
24455447
24459683
24471794
24478492
24494043
24518019
24531101
24557768
24561648
24580269
24597810
24598345
24623975
24651228
24657091
24679899
24681319
24692621
24697314
24719738
24732524
24751716
24760482
24780764
24784569
24788037
24807062
24860669
24879262
24924237
24930468
24972689
25014459
25014616
25053866
25059551
25067210
25075507
25087693
25126158
25126172
25172745
25186876
25204762
25232387
25247731
25271479
25321584
25322793
25349524
25384523
25412769
25427286
25434609
25443815
25452345
25459363
25474827
25499019
25543484
25560144
25562920
25615219
25624972
25630025
25674160
25689335
25691726
25721511
25751447
25769042
25796303
25800220
25809559
25821742
25883019
25911346
25923184
25937373
25946912
25947271
25954505
25965980
25980799
26011927
26018548
26025832
26044097
26067052
26074125
26104960
26105239
26126769
26150513
26161344
26161484
26186319
26195883
26252404
26257317
26289028
26314828
26330748
26392125
26397107
26397379
26410760
26418276
26435467
26437392
26441459
26466943
26483410
26483998
26487924
26524354
26533766
26540298
26602545
26606984
26607466
26648125
26657228
26696768
26707290
26722893
26741024
26809384
26855099
26877561
26896864
26932553
26952913
26977136
26980203
26991448
27011544
27024885
27033943
27038211
27049369
27098446
27106882
27125579
27138634
27144094
27193875
27211227
27240182
27272525
27285758
27296056
27311080
27339284
27344216
27349609
27364510
27380232
27436639
27439290
27458144
27471777
27515399
27549208
27577059
27614909
27636173
27677113
27703281
27722383
27735543
27748392
27775359
27813598
27814946
27830247
27836868
27847144
27854259
27869549
27896069
27928918
27943636
27962969
28004347
28014887
28016148
28026123
28032412
28048011
28058912
28072680
28096386
28114666
28118875
28136524
28168032
28187630
28196667
28246155
28248361
28273985
28281315
28318053
28363352
28393671
28408196
28416598
28431030
28455578
28459980
28473286
28500979
28505443
28510373
28525390
28560779
28587884
28596154
28601953
28632242
28664711
28683712
28684310
28688506
28711156
28752704
28756630
28764226
28799832
28823298
28851245
28914010
28960939
28973764
28985268
28995669
29007697
29010407
29052944
29063619
29080418
29087094
29106547
29107523
29122216
29126373
29164999
29171149
29175672
29177980
29189144
29235631
29238032
29287631
29292552
29296853
29303322
29323783
29384768
29416972
29417444
29433526
29484115
29494555
29546734
29547088
29579587
29621906
29643259
29647882
29669944
29700066
29734827
29736947
29813628
29877056
29904714
29908478
29921445
29941820
29945095
29967412
29971384
29974849
29998022
30006938
30010696
30059448
30085687
30100639
30164279
30176014
30186923
30211302
30224631
30245643
30246133
30265271
30286185
30293614
30298665
30298818
30320859
30322861
30329589
30338068
30363886
30414692
30440155
30516305
30548227
30569020
30597877
30602150
30655561
30662778
30689445
30701130
30706302
30710771
30716393
30751022
30765985
30782033
30824837
30825910
30862285
30878426
30901102
30912017
30922504
30958543
30976633
31004166
31023565
31033932
31038785
31067980
31071543
31127589
31143634
31143950
31157366
31164041
31165518
31168026
31204013
31215804
31220659
31344950
31363955
31366633
31383011
31425220
31441542
31448705
31453900
31466397
31486915
31506679
31556762
31560610
31595466
31627227
31663159
31668987
31670180
31687116
31702095
31742631
31751584
31761277
31798822
31834830
31843535
31882837
31894327
31907450
31929331
31934232
31938687
31958661
31977846
31981159
32033601
32052593
32055550
32067666
32153563
32188828
32195800
32198887
32214295
32259069
32274847
32311548
32318274
32327049
32360542
32372414
32373201
32379056
32403307
32419532
32429900
32449440
32474489
32491887
32532565
32565072
32596672
32628105
32666519
32668844
32715866
32727878
32748000
32759076
32766664
32772302
32784412
32786242
32828578
32912619
32992520
32993779
33006303
33028705
33033761
33049149
33082399
33129195
33132419
33138645
33155689
33161379
33170170
33236396
33262475
33264536
33272805
33300494
33301494
33335059
33340920
33358297
33406276
33419727
33462597
33500829
33538533
33556408
33610962
33618063
33625546
33633670
33655338
33694415
33715267
33718910
33745797
33747040
33864698
33867491
33869048
33883425
33935346
33964868
33998967
34018841
34030911
34040270
34046145
34048248
34052489
34076047
34095317
34102580
34115412
34157530
34187920
34211111
34249916
34268921
34281343
34314791
34337080
34346526
34389358
34405935
34468345
34473526
34483929
34525789
34540285
34567108
34614826
34636502
34640888
34642404
34659790
34669856
34726497
34742742
34759558
34773379
34778416
34780975
34848909
34868545
34871043
34883574
34895183
34910975
34955225
34956554
35011546
35106299
35124899
35132132
35135141
35144087
35185687
35210179
35236755
35238358
35247895
35248886
35286780
35305934
35315667
35335352
35360958
35370918
35390750
35398791
35400167
35417960
35436795
35469802
35507172
35559076
35615745
35643860
35649836
35650932
35652576
35700178
35703281
35711216
35722866
35776686
35821403
35831760
35833583
35840058
35891842
35906682
35974502
35980909
35989839
36003478
36061645
36081185
36084041
36095890
36161770
36168791
36177480
36216672
36278921
36283178
36294833
36310767
36351352
36370925
36371911
36403653
36423323
36424266
36451864
36470621
36476373
36496363
36524989
36590579
36618027
36628993
36637087
36644090
36653173
36725632
36727778
36730510
36764355
36795722
36810029
36842502
36854191
36876793
36890033
36910975
36922486
36970851
36973799
37038066
37047863
37054358
37060141
37077671
37114862
37129871
37149867
37159543
37173226
37208088
37214039
37256866
37261400
37291082
37292728
37327021
37353515
37382618
37417825
37454147
37479447
37512285
37520257
37534999
37574600
37575920
37576284
37631382
37655767
37682722
37725681
37742065
37742277
37754153
37788980
37804118
37849452
37857759
37896889
37913933
37961241
37974649
38000126
38042322
38050785
38080951
38110758
38117210
38134246
38147598
38224129
38237768
38281670
38328275
38338858
38344126
38370635
38389483
38400180
38437543
38458906
38493832
38509221
38555646
38561730
38564682
38573412
38599381
38617313
38675348
38706536
38739271
38741612
38795380
38802201
38894848
38911680
38911886
38919066
38928986
38930003
38959621
38993968
39002046
39016301
39061055
39073390
39095865
39097775
39138126
39165364
39194712
39240145
39248124
39262147
39280603
39302222
39305693
39305865
39357437
39397355
39406497
39406736
39423390
39462443
39478352
39529245
39543203
39555758
39572620
39583034
39601097
39613149
39631323
39638620
39655281
39656602
39688293
39748695
39812263
39833803
39933022
39960629
39974169
40025840
40051762
40053881
40084745
40092574
40130198
40143998
40162048
40178464
40185931
40193641
40194110
40226848
40272252
40288083
40306137
40356288
40364090
40368075
40415561
40432084
40463006
40512353
40529766
40542459
40558908
40579723
40580885
40620807
40631212
40643366
40646324
40680757
40736308
40746058
40751310
40755720
40795013
40815572
40828988
40865122
40907539
40938470
40940884
40946250
40960662
40972958
40974041
40997308
41005380
41016694
41062765
41132770
41146330
41161982
41212935
41274485
41292558
41299970
41301170
41303621
41331401
41421730
41423885
41489283
41490084
41521206
41567547
41599159
41601616
41629379
41635423
41672090
41696603
41698398
41713245
41744427
41763287
41788410
41813400
41940099
41949968
41959590
41970020
41973621
42019275
42034448
42039362
42065490
42078544
42128345
42166566
42215747
42228603
42256328
42275167
42297807
42314178
42356552
42369370
42399902
42441504
42460005
42502260
42518059
42527707
42549014
42624355
42629857
42635445
42646331
42669926
42693188
42766755
42771115
42784295
42802817
42807020
42867439
42956146
42965254
42998613
43000004
43001170
43015151
43075714
43078470
43090920
43178801
43206978
43217766
43240539
43261090
43274647
43303534
43308377
43309222
43345614
43369236
43375726
43405904
43410133
43431525
43468363
43485637
43535500
43541301
43670156
43686144
43693990
43738533
43756264
43758738
43789294
43791822
43808466
43823761
43869294
43880997
43931059
43950161
44007265
44025378
44054827
44079428
44122667
44159606
44162841
44171562
44215886
44241486
44244537
44286945
44319401
44364955
44369640
44387869
44439586
44519669
44534392
44570476
44578604
44595832
44598599
44646321
44659155
44675209
44729889
44731150
44740504
44777156
44809169
44841320
44844519
44981846
44984904
45021128
45025760
45051421
45059167
45109127
45119803
45131818
45172249
45209203
45220124
45276340
45279123
45288410
45314880
45320061
45366087
45371808
45380224
45386284
45409745
45431692
45490047
45501636
45503582
45530364
45561697
45619222
45694708
45696067
45725133
45780868
45877278
45909317
45910540
45916603
45925961
45939738
45946570
45960154
46047718
46065526
46075940
46096624
46113685
46146665
46175686
46185203
46199018
46207659
46253367
46277834
46282827
46299113
46354460
46369086
46410014
46447986
46462586
46538937
46542887
46549020
46551696
46567912
46578262
46578519
46613363
46638085
46668209
46691991
46711990
46722710
46724119
46743520
46774606
46842736
46915346
46927884
46937736
46939264
47002798
47009979
47089247
47095163
47096614
47115854
47123154
47125218
47142203
47145418
47199123
47237687
47258284
47279005
47279843
47283743
47299520
47306452
47332021
47412928
47459124
47494605
47566463
47620935
47662451
47672667
47675251
47805283
47839728
47867170
47894042
47908876
47940152
47946449
48020065
48040479
48044231
48059076
48078901
48083892
48122888
48174833
48175755
48176754
48238135
48244031
48257775
48297268
48319295
48407938
48416426
48421048
48474909
48487075
48517267
48533838
48542188
48587652
48622795
48654935
48655805
48656568
48678863
48689526
48707577
48786530
48793995
48807733
48828914
48833939
48844699
48862728
48896217
48938237
48949657
48972577
49043306
49064851
49074325
49124205
49232842
49285340
49288726
49334129
49367344
49370852
49373158
49411983
49434467
49435042
49444814
49523959
49568146
49574872
49590499
49675229
49676828
49683087
49730163
49733622
49771984
49774417
49780307
49785757
49801211
49868267
49927023
49950025
49981509
49992281
50005722
50028933
50043256
50149646
50177213
50188292
50193222
50225819
50245558
50261646
50316962
50356221
50377096
50393746
50394037
50507757
50512966
50516910
50528205
50545641
50557815
50655260
50674325
50683088
50686547
50701233
50705130
50752842
50795171
50816470
50822532
50829015
50859915
50869311
50923091
51007008
51052354
51063575
51082397
51093850
51099436
51102380
51133957
51189956
51200124
51253710
51315860
51324205
51384432
51463821
51471598
51478833
51508607
51621120
51651794
51661041
51682488
51714543
51717410
51735987
51737272
51739987
51749769
51839862
51870399
51879567
51891508
51948844
51949127
52023567
52033164
52052470
52089747
52115165
52138911
52151813
52155770
52229345
52257371
52267821
52291480
52307268
52347213
52362657
52372012
52394134
52445192
52469542
52472809
52475378
52483187
52511064
52558838
52565516
52631567
52657984
52666145
52728462
52771242
52827560
52867448
52885334
52944588
52983547
52992428
52998067
53076595
53082855
53124259
53160344
53172593
53324086
53389377
53410971
53506425
53537306
53551052
53551451
53555859
53607514
53648114
53654320
53672560
53693365
53703776
53732860
53752655
53763698
53788472
53828236
53829243
53837598
53849346
53906477
53917264
53950794
53951071
54016671
54031273
54062759
54089534
54097704
54138802
54147382
54279436
54316310
54335795
54422382
54431199
54431605
54460949
54492408
54528003
54544309
54560966
54586622
54646037
54654964
54669511
54678348
54687847
54750796
54798607
54817555
54867016
54872094
54874652
54889442
54895275
54938354
55001953
55024386
55031215
55068261
55082746
55091868
55104185
55113633
55142520
55191563
55244242
55296436
55297359
55350912
55382738
55417676
55443647
55459642
55480817
55487405
55505261
55548026
55558911
55561942
55568668
55624479
55627737
55651608
55681804
55770996
55793621
55837753
55853558
55863802
55873019
55905017
55919930
56039064
56084859
56089057
56113663
56161992
56169636
56182089
56203918
56269104
56385167
56403552
56475843
56497663
56499268
56512746
56530274
56564398
56568776
56579256
56592055
56607493
56616771
56652806
56707360
56738808
56762841
56809194
56826427
56887329
56910370
56921676
56930260
57007294
57034461
57061236
57063476
57142664
57169557
57172449
57204014
57225599
57232161
57243950
57246057
57268445
57325377
57339883
57351805
57365385
57385783
57469139
57527561
57537223
57551000
57582573
57620803
57634431
57712873
57774780
57792270
57815245
57815794
57820356
57854448
57872917
57881263
58045912
58062007
58068140
58092552
58110680
58116688
58201502
58293786
58312884
58325136
58442198
58442665
58465003
58470792
58506146
58524356
58524695
58536433
58597047
58623191
58674422
58678536
58767820
58830445
58872152
58882141
58899985
58926566
58944813
58958072
58978575
59014162
59045631
59048630
59094204
59105033
59161513
59183635
59187248
59206428
59262247
59302834
59312015
59371151
59384874
59418107
59433295
59459013
59481109
59485201
59569972
59593826
59608032
59646620
59720520
59731110
59761822
59770365
59790145
59851634
59853371
59855442
59874466
59888255
59975291
59993077
60004578
60080205
60150397
60241101
60250772
60253140
60261466
60279255
60288281
60330466
60366397
60377168
60453872
60471739
60473840
60524993
60562591
60564744
60569212
60675614
60688692
60694825
60714224
60739715
60743352
60759634
60761637
60787362
60788988
60873660
60922464
61047514
61063239
61094427
61134075
61158736
61210262
61222839
61267950
61280731
61304168
61312440
61320894
61328694
61364112
61411738
61423198
61454272
61454720
61518195
61554077
61555393
61564489
61573412
61615501
61655146
61688464
61718836
61740441
61749186
61803203
61830820
61882806
61904983
61951490
61985548
62003108
62047526
62074559
62075111
62077971
62087390
62098072
62112101
62178955
62200612
62289002
62304373
62353883
62391996
62439988
62519802
62536838
62543646
62566370
62579197
62620039
62698749
62725968
62764109
62789382
62855670
62911676
62975746
62978826
62985746
63000112
63002935
63032095
63097544
63114620
63224846
63264156
63327758
63350249
63355290
63368422
63373153
63403814
63469995
63487451
63527621
63537296
63580304
63612848
63632480
63658540
63709715
63760423
63787821
63806867
63839384
63848753
63872773
63899074
64000616
64002315
64038172
64082614
64173170
64179882
64200630
64202202
64206060
64238140
64297195
64376595
64410452
64425992
64515578
64519446
64521761
64548973
64563308
64654656
64717472
64728045
64772428
64778952
64829713
64884934
64932323
64984013
64997969
65018645
65032181
65073126
65083623
65112891
65132003
65147320
65154025
65165898
65270757
65340007
65359295
65366357
65384343
65415506
65439576
65519099
65544249
65563180
65569276
65572240
65590390
65638637
65683807
65686490
65756504
65764079
65843231
65852582
65861290
65902234
65925193
65928674
65972867
66075175
66159428
66178496
66232138
66243043
66271789
66318986
66328704
66342006
66348117
66428069
66428964
66437809
66472403
66498697
66531783
66590259
66638625
66664834
66699672
66707113
66838017
66843081
66855266
66877657
66949911
66950172
67027298
67084066
67088510
67132173
67181912
67221508
67244852
67267917
67294667
67326359
67389740
67408381
67462000
67464379
67500117
67501696
67589325
67602112
67606759
67608504
67689953
67706046
67724216
67747995
67748765
67767279
67791247
67794348
67804259
67807042
67831806
67883887
67891296
67925359
68020274
68094150
68169924
68177127
68207870
68243961
68266748
68292336
68324809
68360454
68389209
68446615
68507511
68550105
68581515
68637244
68680314
68692530
68723205
68747965
68796552
68818725
68867558
68921477
68930106
68947253
68960213
68978870
69080116
69121127
69129975
69187638
69222159
69230631
69254546
69336952
69361396
69375296
69376857
69384926
69392734
69500907
69547776
69569652
69570572
69651188
69745207
69755764
69769207
69874744
69886389
69938771
70030221
70042441
70090615
70143309
70166683
70298533
70312222
70335512
70383929
70412266
70467520
70476919
70490108
70501753
70547179
70574553
70594219
70598582
70613839
70637753
70654694
70671359
70683932
70736201
70761892
70896783
70923211
70943667
71000446
71021792
71071173
71102790
71115162
71124484
71159360
71223610
71262048
71328247
71364394
71385705
71435225
71468473
71500623
71533142
71563477
71614563
71643036
71664633
71665979
71676723
71710858
71754964
71766268
71778784
71799705
71817657
71943578
71966897
72055247
72089081
72114137
72157970
72165159
72211298
72227768
72238233
72265725
72334121
72346333
72364746
72366711
72501538
72508613
72520133
72583400
72599497
72629089
72663198
72694318
72722898
72724189
72766277
72821863
72852667
72925907
72940185
72955747
73043015
73062766
73070439
73102353
73145492
73156255
73178699
73181229
73231624
73235519
73312208
73327627
73355153
73360848
73443434
73472226
73533823
73548224
73551351
73653309
73668612
73699602
73701080
73739308
73767786
73776426
73834446
73864815
73915987
73949530
73992574
74031662
74173646
74190468
74193135
74206565
74210100
74220310
74220380
74251504
74433220
74463177
74503889
74510803
74534648
74560948
74573346
74640450
74650416
74669606
74681305
74719101
74769864
74928587
75019706
75042251
75044273
75049742
75076268
75103689
75110222
75163831
75317692
75349668
75371186
75390300
75396181
75497033
75512674
75514595
75550182
75565029
75572241
75624226
75679664
75720039
75734440
75748528
75808228
75835598
75844744
75860880
75883090
75938554
75949308
75962968
75985877
75998431
76108761
76121584
76181022
76214756
76229203
76253548
76415070
76440648
76478831
76491259
76504032
76539384
76560136
76561758
76592843
76594227
76643679
76786229
76797338
76803129
76813284
76843728
76882595
76891671
77044691
77065593
77077527
77129823
77166563
77179912
77190106
77235521
77342617
77411430
77411866
77413181
77463981
77467565
77472301
77517584
77518774
77539000
77539759
77546940
77580714
77593967
77598277
77664872
77709804
77765732
77787732
77900826
77910829
77953454
77955099
77999909
78019893
78053697
78062964
78076194
78080009
78106734
78118102
78214608
78220984
78260521
78347123
78365493
78372684
78392977
78450417
78515861
78540229
78600301
78607897
78610087
78624166
78713453
78803409
78810236
78863597
78866930
78873479
78884493
78886732
78896968
78952202
78972004
79029853
79096215
79104412
79109185
79162281
79248865
79270837
79379888
79534631
79536608
79544485
79617987
79627365
79634903
79674699
79676391
79729934
79750639
79768348
79808291
79835818
79889537
79900488
79927968
79937209
79955123
80063897
80132394
80154997
80179628
80221573
80248795
80255374
80299752
80322385
80399178
80413329
80422995
80439447
80550943
80620189
80634354
80682987
80685303
80748280
80750644
80800332
80851506
80853487
80912329
81076249
81085262
81092957
81130911
81236215
81301157
81322573
81412489
81422925
81426615
81432340
81481188
81489699
81491577
81619878
81647738
81661540
81685375
81709126
81717001
81889450
81915132
81982042
82016958
82031564
82050778
82098214
82150680
82154726
82167295
82233691
82243921
82269010
82281318
82290472
82317145
82482297
82497927
82505478
82515489
82575058
82637586
82659383
82673178
82738339
82757151
82791070
82812825
82825454
82846097
82910824
82919320
82947866
83021786
83039421
83043145
83096630
83197981
83209659
83257234
83298607
83319255
83387087
83423363
83449149
83478960
83545058
83548505
83552186
83574206
83577596
83608127
83615721
83697841
83711321
83736327
83756392
83780730
83805804
83825865
83842446
83861315
83865269
83867758
83899552
84008092
84049460
84086614
84098404
84154079
84239430
84261273
84270378
84332558
84368619
84375481
84544962
84577193
84755059
84762972
84767009
84819937
84837872
84852787
84860004
84866100
84873060
84887280
84916155
84930550
85038247
85055857
85058519
85092240
85199700
85229408
85266752
85329063
85381046
85391753
85392986
85397221
85424363
85427180
85558117
85620105
85631226
85666472
85816527
85848258
85850179
85888313
85935286
85952957
86066452
86153264
86167786
86190955
86230724
86231889
86288808
86339572
86361072
86384928
86390597
86407478
86427141
86463701
86467390
86469169
86539405
86634627
86636983
86648798
86800120
86810177
86902018
86949614
86976594
87055414
87056195
87129199
87137706
87160854
87164727
87200889
87238143
87247011
87309433
87335367
87387098
87403912
87443964
87468992
87517645
87524546
87554718
87581151
87591666
87609659
87641458
87668822
87761227
87853281
87917281
87982866
88007429
88042587
88046459
88085296
88183163
88212939
88238868
88322829
88348367
88353982
88357966
88377703
88432247
88466520
88544553
88572775
88636716
88650254
88729153
88733243
88747739
88809740
88809765
88820299
88851175
88948498
89005005
89008276
89027455
89202635
89232113
89278466
89348930
89381996
89400911
89456774
89468903
89548577
89578450
89584818
89625498
89719394
89733259
89757986
89783597
89866485
89890713
89901282
89946251
89986094
90008592
90078659
90179399
90181697
90191228
90218703
90220712
90242491
90270004
90328519
90436463
90482296
90494742
90652743
90653125
90688455
90711276
90744915
90767430
90802033
90808496
90822112
90901819
90911991
90954295
90971202
91087965
91123276
91132392
91191965
91242360
91313614
91334324
91337379
91387294
91416550
91447836
91503047
91516922
91533921
91636332
91650065
91656162
91729614
91792415
91807501
91850102
91882912
91895133
91918019
91960391
91965187
92088495
92132137
92141852
92152067
92187328
92203408
92251088
92311183
92317352
92395643
92430735
92456792
92458098
92510607
92542858
92611523
92648973
92706651
92723465
92772657
92789153
92823788
92862857
92973351
92996117
93009416
93076700
93142021
93160994
93171882
93270337
93292500
93353211
93353248
93369606
93386843
93399235
93404987
93408780
93425646
93548938
93624612
93625925
93711961
93753028
93808048
93840215
93897792
93905258
93954417
93993585
93997044
94033071
94036910
94073674
94097567
94160463
94167706
94264026
94310318
94342721
94393392
94399883
94437210
94551289
94553693
94619052
94640392
94685049
94696762
94720334
94747967
94786815
94931511
95053079
95053929
95056710
95062006
95111148
95123147
95196945
95197909
95208980
95227933
95236057
95264109
95408950
95412480
95497486
95524138
95549416
95678512
95691190
95709448
95715307
95812757
95820322
95868177
95881863
95970513
95997056
96034226
96156930
96191970
96321695
96329998
96421222
96422628
96431283
96444992
96549033
96604291
96611437
96655376
96677708
96722472
96791981
96796996
96798277
96944514
97033623
97056355
97135827
97184614
97197810
97219651
97378368
97400702
97425100
97434665
97454100
97466435
97467044
97476601
97527960
97528765
97568095
97631478
97631631
97662892
97680913
97698972
97706120
97724550
97846397
97968093
98101637
98161685
98210382
98232198
98265889
98286674
98309743
98380117
98425271
98434074
98455837
98473746
98496510
98560149
98707333
98726904
98727147
98793211
98827766
98848377
98995336
99033587
99038311
99165464
99187778
99197594
99214292
99250101
99261006
99270272
99344049
99359956
99557895
99562837
99641292
99660947
99696203
99851667
99854692
99916707
99926426
99980414
100025518
100043032
100049688
100068750
100110044
100161667
100171765
100320893
100324920
100331193
100339568
100347009
100399219
100416243
100457090
100457440
100519287
100618474
100661447
100678552
100692242
100695111
100705510
100878457
100881267
100901943
100932292
100982758
100993981
101050343
101086899
101099096
101104683
101158714
101175487
101195042
101293258
101313879
101454499
101509840
101568355
101710108
101731442
101802658
101807635
101831290
101837397
101841910
101859207
101877462
101904815
101909742
101947464
102000705
102198687
102235969
102263607
102324724
102342966
102358175
102490400
102516120
102525897
102577843
102618339
102624886
102669198
102762571
102823319
102863268
102899006
102921359
102929664
102954873
102972755
102977351
103031862
103088645
103204212
103292000
103350310
103381713
103485667
103495753
103544024
103607443
103661266
103728611
103732401
103770361
103771855
103775205
103809282
103828910
103854934
103858090
103907512
103955548
104146991
104217986
104271043
104308860
104368273
104373870
104410043
104414695
104529495
104534273
104552929
104610721
104662880
104666659
104700155
104750991
104837808
104840789
104849289
104915505
104915721
104933161
105010760
105021579
105022799
105032329
105044999
105167230
105238083
105250727
105299902
105335985
105396223
105466180
105472388
105477571
105556830
105571520
105671211
105702678
105820814
105829344
105886500
105894472
105914018
105921907
105991922
106002284
106015978
106060147
106161368
106173607
106189674
106193183
106217727
106291929
106400492
106479070
106486825
106493148
106502297
106530983
106559799
106610742
106652041
106697317
106739890
106757499
106803540
106834979
106863271
106928813
106966452
107072718
107085991
107157843
107258766
107302820
107346026
107421956
107458478
107471873
107472203
107476390
107501814
107548615
107631753
107691365
107754717
107768068
107868978
107882043
107889071
107951010
108005732
108030400
108048651
108077330
108232348
108235901
108272423
108322223
108322883
108387840
108451687
108487095
108503403
108540421
108581817
108636065
108703298
108742266
108762705
108873528
108921693
108969089
109015218
109045799
109080713
109131508
109226925
109229513
109230440
109264825
109280511
109316996
109371540
109418801
109439738
109567533
109585350
109617996
109654144
109690330
109870079
109913354
109929292
109931490
109973230
110012512
110054761
110221281
110283322
110293827
110298187
110304888
110322879
110403086
110416950
110494236
110561901
110584671
110612153
110666741
110679657
110686402
110693082
110756402
110775964
110784953
110828313
110879983
111031006
111047164
111050653
111251728
111263181
111293972
111318057
111320791
111327042
111491799
111537865
111569495
111659673
111665938
111697596
111704026
111781800
111839995
111921093
111926559
111945736
111963920
111982471
112019676
112079243
112081890
112163496
112209071
112214105
112238195
112268544
112275018
112320060
112427090
112474358
112480206
112510477
112552646
112574105
112757903
112775384
112802419
112850087
112864123
112909865
112945582
113035817
113041829
113046675
113120901
113145711
113154158
113194914
113204436
113299980
113313108
113376221
113385825
113386822
113474580
113478119
113523020
113552152
113592877
113613150
113616008
113668653
113674211
113791699
113864695
113868932
113904630
113955860
113960233
113973565
114086148
114146934
114227355
114321377
114555624
114563761
114570944
114634584
114734396
114764737
114853108
114854633
114890412
114904696
114988905
114993858
115074710
115109784
115138234
115286883
115320716
115331273
115419148
115422050
115507238
115512699
115537771
115543896
115590296
115603992
115619060
115700061
115707538
115841928
115847505
115918204
115932501
115938817
116014535
116148455
116153649
116163869
116176346
116250011
116266962
116271870
116290833
116349178
116394694
116397279
116456234
116457927
116508685
116527154
116615996
116677285
116726515
116812030
116875782
116922935
116924638
117019508
117033342
117136637
117150423
117196211
117229536
117242641
117249157
117271632
117330316
117419784
117510709
117525059
117595404
117656724
117689996
117776409
117867192
117972864
117992719
118118826
118148260
118171446
118175084
118209428
118225178
118260353
118367510
118418425
118510582
118534582
118681344
118689129
118695168
118750875
118813603
118833254
118858550
118870485
118908764
119005251
119109999
119180626
119193323
119343131
119397907
119414704
119426092
119557656
119568652
119570228
119587380
119609858
119628586
119638000
119743603
119791938
119876100
120002738
120004739
120075158
120090006
120118532
120166267
120169351
120227465
120233322
120252835
120326437
120386227
120443371
120484788
120495406
120671898
120712242
120762309
120768212
120811617
120814214
120942702
121025026
121049305
121113383
121149137
121204881
121213488
121235587
121287351
121314914
121381781
121422067
121466840
121542201
121548315
121595171
121657113
121691678
121691816
121755954
121761264
121767770
121834586
121945056
121945846
121977718
122004141
122022730
122147625
122158751
122219133
122269317
122400582
122413744
122429186
122447837
122563799
122594488
122736743
122744887
122774867
122815952
122843382
122868721
122983575
123033977
123060024
123073848
123128908
123210199
123272840
123296920
123350025
123408849
123427278
123485535
123575878
123613287
123688672
123752042
123761711
123766866
123785859
123805107
123811738
123897455
123912239
124073376
124137515
124140506
124159565
124181374
124257539
124292319
124337890
124362368
124436841
124446844
124450156
124462628
124534431
124587978
124591937
124626801
124626849
124628187
124963286
125047097
125109996
125170689
125251055
125343444
125380391
125389016
125434788
125525666
125535112
125570448
125594264
125633783
125675427
125751343
125792669
125828381
125916720
125945557
125950795
125957955
126087531
126129594
126201524
126289669
126291472
126413870
126432616
126480148
126522869
126545763
126588731
126602959
126646369
126662482
126691727
126744381
126796674
126824566
126868374
126972016
127005444
127170052
127196191
127286678
127334216
127349189
127349426
127372949
127417156
127463836
127506783
127620848
127680593
127686944
127707660
127714514
127732073
127780618
127804170
127811075
127879362
127992385
128000148
128076529
128087185
128096391
128136103
128278521
128328738
128337930
128355738
128365648
128452543
128496456
128545037
128547727
128564358
128603647
128688236
128719345
128760291
128777991
128896746
128911816
128966422
128983103
129018620
129091473
129098517
129148512
129176442
129229007
129239657
129373184
129408394
129414300
129417209
129525359
129543797
129549681
129551032
129736742
129925786
130000426
130010233
130092866
130134831
130164054
130164266
130188936
130226584
130342705
130489211
130533370
130652747
130763287
130769588
130840275
130891519
130908192
130913219
130917252
130960552
130979746
131046910
131087628
131163392
131213247
131228149
131240576
131244998
131308545
131383597
131472026
131513489
131648950
131785437
131802306
131812367
131893993
131895794
131983064
132000077
132024667
132051553
132223015
132223056
132270686
132321599
132344446
132443993
132463412
132542157
132553015
132575716
132603594
132728308
132834341
132843132
132909972
132953995
133084386
133097362
133105933
133145265
133145326
133165425
133222128
133242835
133291886
133309848
133425329
133557310
133680057
133684570
133820656
133822431
133841895
133846080
133866768
133919060
134007511
134034030
134080154
134097461
134102692
134130474
134137900
134141079
134142311
134326070
134402593
134405198
134432247
134464859
134566249
134618202
134625507
134655816
134756238
134924375
134927210
134958323
134980378
134998476
135038268
135091865
135116011
135149277
135179739
135348710
135359712
135406156
135432106
135434739
135474151
135491101
135499915
135541426
135574817
135778439
135822740
135922975
135953095
135966993
136039033
136051930
136223120
136233640
136259542
136327624
136340100
136450709
136468295
136509828
136536691
136566689
136581824
136645464
136648437
136668615
136837126
136873087
136973092
136983687
137000889
137079300
137084254
137216703
137299396
137392300
137407541
137514106
137588183
137628353
137691545
137742753
137803041
137835704
137887654
137920184
137947434
137954567
137957497
138096229
138142409
138184887
138207871
138210515
138244517
138247141
138351716
138423781
138469624
138474667
138528324
138531268
138581872
138729014
138810610
138886675
138897055
138914459
139006138
139023805
139057600
139189411
139340849
139446892
139454543
139458725
139530454
139546660
139609808
139625407
139793371
139826731
139892107
139900017
139946736
139991470
140004292
140200331
140321733
140361987
140391353
140393809
140415523
140512633
140541357
140596203
140627804
140671389
140758904
140841456
140921566
140928859
140928862
140967310
140981620
141066815
141168777
141185250
141227045
141228269
141229205
141294843
141319359
141584130
141605970
141635655
141650343
141687897
141741696
141787473
141844785
141886525
141889610
141921119
142042710
142084688
142236938
142246890
142282751
142465483
142540324
142550225
142579021
142661479
142759033
142854698
142891250
142924000
142955788
142983556
142996488
143094634
143104541
143134123
143284415
143397325
143427309
143445354
143460441
143499197
143580303
143687588
143764592
143780953
143817344
143822508
143846324
143929155
143978419
143987560
144008260
144024213
144106205
144304863
144326326
144364190
144501494
144526790
144531362
144571899
144578720
144644550
144750166
144788627
144801539
144845347
144864347
144941422
144961842
145006293
145007016
145067907
145197045
145298969
145383162
145444415
145498459
145551894
145600284
145633069
145637769
145638586
145651248
145677446
145690255
145858602
145881372
146001426
146119385
146124465
146150632
146182243
146188552
146330977
146375507
146429505
146434409
146446541
146463672
146471276
146488422
146683865
146741821
146750322
146802215
146839888
146875074
146880185
146890014
146976257
147043558
147213508
147217268
147237176
147311904
147358542
147416824
147463921
147506869
147646204
147673064
147710261
147771025
147797059
147845094
147893675
147934433
148020034
148031771
148152201
148178264
148180839
148223567
148529035
148587789
148666268
148725513
148818936
148855306
148865706
148891864
148915679
148924338
148943016
149035252
149058313
149058611
149081009
149089538
149119601
149126188
149156231
149194562
149251450
149302466
149373981
149423700
149497293
149520463
149533794
149538200
149605489
149608719
149664143
149708176
149738205
149985060
150026017
150142889
150276344
150437963
150465897
150534774
150562442
150588275
150634084
150755947
150779996
150812761
150888837
150965199
151009660
151133542
151142851
151163408
151279504
151324726
151366731
151384255
151391912
151418848
151451728
151462481
151503983
151529592
151541319
151637204
151685399
151690768
151747232
152014596
152018012
152127556
152130071
152169394
152247901
152330862
152380433
152422525
152427047
152443121
152472387
152518352
152543250
152654191
152705410
152764891
152777275
152806787
152817058
152870581
152925120
152986042
153100097
153112573
153221277
153245015
153266207
153401123
153409497
153411998
153435945
153475789
153485484
153635868
153647042
153685907
153706698
153730529
153769416
153838292
153841007
153849270
153922578
153932088
153999293
154055445
154079361
154206642
154219643
154290833
154329981
154533704
154659397
154754172
154765577
154794002
154919573
154940044
154966228
155011569
155033992
155045204
155081827
155117875
155180835
155270999
155276248
155303362
155315535
155364659
155466878
155477011
155497881
155499807
155614531
155631681
155651867
155718637
155741984
155753344
155831204
155833778
156013843
156109870
156110103
156167399
156226115
156299433
156306064
156353264
156404754
156423777
156535812
156621122
156650382
156667518
156716993
156798106
156822320
156938524
156977757
157144659
157182282
157233741
157324977
157386808
157430445
157667297
157831136
157842060
157872376
157899702
157952969
157997417
158018333
158055583
158064553
158159062
158287167
158324012
158353383
158376390
158400855
158456670
158548283
158565596
158592630
158636075
158746192
158807514
158827188
158906632
158974901
159056192
159066135
159182540
159206986
159216108
159249246
159261574
159327969
159358769
159383839
159420937
159638395
159660925
159685130
159786111
159807664
159983331
160136385
160160584
160204400
160211479
160224766
160309874
160413043
160445027
160668035
160707266
160713731
160732335
160837836
160878098
160934885
160948676
160953252
161159246
161236626
161247198
161282085
161349921
161373049
161484745
161519141
161544488
161649623
161668808
161713052
161728936
161861686
161883092
162028502
162127955
162152556
162159559
162173420
162218662
162296835
162305922
162310703
162330582
162385945
162446119
162487463
162491033
162553650
162735271
162813486
162838986
162915443
162983680
163130839
163160011
163239266
163246119
163328543
163342124
163387028
163419734
163454164
163463119
163532351
163547595
163559726
163651729
163777784
163881100
163938082
164036941
164059594
164061793
164128943
164138127
164220378
164260316
164359244
164365169
164411630
164447884
164490289
164511789
164524526
164552140
164721576
164792889
164810464
164838853
164947076
164950512
165011190
165030480
165076887
165090458
165090982
165159180
165236737
165238391
165358163
165365727
165395280
165501092
165513483
165551215
165632359
165722501
165775057
165844132
165892295
165938460
165986255
166005473
166057942
166203452
166233715
166396306
166433689
166448534
166578532
166600322
166657838
166693799
166704113
166840331
166992064
167040194
167044583
167079690
167165192
167178405
167220018
167275144
167278026
167404556
167454782
167619970
167642427
167696221
167788082
167894820
167932568
167937979
167974484
167988210
167989346
168082866
168095481
168116722
168263535
168313424
168468258
168477641
168482621
168486293
168612211
168676040
168736180
168753916
168789901
168966214
168975089
169048666
169134568
169216954
169285896
169291331
169340869
169357204
169579711
169654396
169843207
169866413
169888165
169900313
169902816
169934603
170103487
170202188
170235028
170303168
170343165
170431474
170447509
170449252
170512670
170651392
170695373
170703605
170710725
170802875
170812825
170879571
170884077
170954948
170976159
171104532
171111051
171137623
171162378
171241835
171247520
171371917
171376643
171439397
171458556
171557577
171569472
171586133
171643937
171696635
171811703
171881322
172058005
172098385
172150406
172160510
172171497
172239688
172277684
172314984
172335009
172351166
172432753
172559151
172575856
172659553
172697490
172728039
172803114
172938915
173011749
173064553
173153317
173277206
173395026
173529119
173543487
173690875
173728073
173736746
173784632
173866187
173893040
173952358
174033953
174204797
174213245
174219902
174322237
174367305
174594707
174635099
174648323
174655837
174687981
174707939
174745121
174775800
174844398
174852010
174858583
174950816
174962969
175059012
175078975
175159425
175222099
175293792
175366063
175411442
175472574
175514648
175575087
175581814
175604243
175630205
175634693
175885176
175999510
176054722
176086534
176139971
176152939
176223915
176261344
176277988
176291072
176307345
176318931
176361110
176407308
176469884
176507108
176574368
176593480
176882031
176916465
176926835
176949831
176965503
176979309
177060871
177086333
177182401
177222886
177343484
177469594
177624358
177632357
177644758
177681734
177688757
177707984
177819437
177827423
177835034
177869974
177915338
177919705
178000015
178052228
178106214
178204827
178212584
178435288
178453626
178660512
178662583
178734462
178752345
178781990
178805797
178823944
178856193
178962701
178966868
178996731
179028233
179070798
179113589
179215760
179305316
179380565
179529728
179562781
179632185
179674789
179766580
179772335
179871852
179899727
179977454
179977576
180141560
180249531
180400629
180449201
180501589
180571081
180707991
180797651
180860201
180881384
180912915
180998767
181002091
181124636
181126251
181139714
181163383
181280298
181307997
181324502
181334086
181343298
181354683
181505455
181530512
181625603
181650835
181728784
181777444
181793805
181805846
181891375
181996123
182111397
182168192
182356876
182382510
182511472
182533255
182550750
182606782
182816077
182912424
182919818
182947990
182998828
183023031
183066955
183074917
183146099
183238845
183309796
183335716
183337842
183354706
183678313
183716657
183880799
183899598
184062748
184071171
184110717
184115391
184130061
184193707
184233049
184246670
184257660
184278283
184361222
184422016
184430138
184614636
184705958
184783788
184802499
185011083
185048082
185067873
185143148
185221568
185234264
185268001
185355687
185372792
185547244
185556241
185586451
185607308
185658580
185661245
185757612
185808798
185841990
185907648
186058567
186081878
186193103
186319118
186475679
186563235
186576243
186641635
186662324
186722368
186722429
186748081
186748339
186802075
186822332
186862578
186919514
186925476
186948301
187134090
187289266
187301421
187327926
187340450
187441490
187472607
187496224
187522340
187636020
187743011
187783345
187785915
187841066
187877100
188054201
188220075
188245923
188297463
188394003
188396187
188412696
188469911
188479983
188671237
188760919
188803085
188832851
188892913
188950061
189018415
189031029
189044731
189180534
189216990
189328942
189365509
189408870
189411945
189433250
189463142
189548277
189571428
189580996
189641443
189670172
189964253
189968304
190085696
190176983
190262421
190309811
190406380
190447580
190558016
190567023
190645086
190670234
190683381
190707113
190796901
190806424
190897355
190983874
191034205
191155939
191235161
191306307
191415486
191420071
191428418
191462295
191523555
191668665
191680219
191685165
191765874
191791424
191856212
191884592
191944150
191969808
191984697
192136408
192193064
192203113
192206766
192227277
192343989
192378664
192412336
192438241
192490343
192577944
192879137
192895367
192930681
192955041
193025498
193139678
193218077
193222129
193283261
193415363
193427932
193475880
193504126
193505600
193691881
193818105
193849175
193876524
193894076
193916924
194073336
194088712
194149755
194173660
194349061
194478644
194532882
194539482
194558836
194567814
194673176
194714857
194740626
194916714
194938440
194966219
194994961
195127401
195237926
195431624
195454194
195539451
195695743
195754905
195785639
195819462
195834360
195939352
196003520
196006609
196036378
196297257
196312468
196337413
196379456
196380995
196460707
196467984
196647616
196708222
196721840
196728686
196771335
196786031
196842563
196858906
196864441
197003570
197050710
197389801
197535285
197585687
197599283
197693727
197695220
197714165
197785443
197786666
197842612
197845386
197875473
197898825
197962278
198109716
198138012
198219196
198268371
198335524
198427004
198438380
198466363
198487887
198633568
198657103
198690397
198722593
198742585
198772499
199127070
199139809
199177729
199250858
199279765
199308876
199327427
199399720
199522326
199639090
199673787
199680169
199730157
199750630
199764407
199765404
199841771
200025479
200096474
200101978
200342325
200351020
200450343
200527390
200687637
200729453
200749335
200831144
200997405
201001089
201077265
201129186
201244800
201276885
201287193
201419685
201449665
201463772
201498944
201591746
201627022
201729268
201781742
201797181
201879689
201913663
201971698
201974037
202047568
202095745
202226104
202227672
202232027
202268158
202295686
202573801
202689520
202756563
202802264
202826843
202964917
202975490
202989686
203039908
203062054
203094323
203122730
203125942
203134328
203234704
203383469
203457889
203780162
203812167
203869313
204003203
204017582
204026749
204070231
204071489
204105742
204146455
204254078
204271037
204412752
204416306
204452790
204452947
204489720
204679198
204800711
204828689
204999399
205019297
205041347
205045168
205118607
205163803
205190623
205202212
205321802
205470300
205493914
205506570
205584897
205635423
205754699
205811642
205979146
206004357
206043833
206116086
206215982
206259921
206271915
206307498
206333608
206345150
206347859
206532826
206581151
206627961
206885222
206980977
207003714
207004738
207161207
207173570
207206029
207236581
207260180
207384935
207445062
207505442
207547280
207740702
207775506
207996685
208024114
208043192
208137033
208224884
208262273
208332341
208369136
208377363
208418902
208452367
208559952
208574050
208585865
208885398
208970222
208979414
208999887
209018839
209092740
209105364
209265844
209371203
209496722
209501342
209662982
209741738
209766090
209878148
210016567
210052958
210132428
210155199
210194421
210296578
210309076
210337923
210346474
210369731
210431067
210511243
210633752
210683075
210802856
210882412
210911931
210926385
210966266
211074752
211277215
211293062
211500493
211506872
211544509
211556017
211630486
211634622
211669834
211703347
211769516
211822537
211984211
212069392
212110160
212282586
212310658
212320652
212499008
212533286
212626257
212660959
212745238
212762418
212936506
212942070
213005845
213012532
213045892
213102367
213150663
213176910
213254108
213300147
213307057
213353293
213369649
213417809
213557223
213610108
213682899
213691372
213829244
213906236
213930448
214019625
214037776
214130259
214200988
214246749
214258470
214261197
214387159
214493264
214532753
214546547
214579825
214674037
214741635
214762427
215000913
215201660
215218356
215254883
215266219
215346279
215648487
215649355
215691132
215701681
215719299
215748265
215887473
216023503
216088688
216188111
216289375
216429066
216444495
216451788
216465620
216699925
216710125
216758493
216854412
216913924
216929335
216960414
216970802
216981628
217305910
217324111
217377756
217468374
217509342
217516676
217568847
217612255
217706030
217743293
217750778
217756362
217764125
217938110
217952588
218029246
218077121
218212254
218320454
218401517
218526532
218543737
218545062
218563063
218675804
218742639
218997811
219030334
219042660
219294092
219339841
219384686
219508918
219551244
219580095
219637328
219648105
219650348
219794932
219865529
219900678
219906545
219956057
220021745
220052965
220082222
220175347
220391427
220417667
220577356
220606839
220614228
220671792
220746008
220760463
220846705
220886705
220901155
220962561
221114772
221123034
221236817
221378011
221396735
221544163
221568776
221615987
221680469
221696499
221701357
221809142
221971405
222042570
222089668
222207337
222226604
222230344
222306064
222347242
222374039
222437327
222459104
222540092
222552792
222766412
222775816
222804436
222806298
222932818
222989832
223032624
223110193
223112360
223134620
223239399
223335102
223390435
223503242
223533627
223584678
223693922
223732027
223847513
223922879
223927872
223939838
224045285
224069464
224083473
224091315
224155960
224215148
224326952
224364821
224367669
224531456
224571254
224585473
224710887
224785654
224887021
224940400
225008856
225121444
225216215
225225719
225305291
225307865
225319097
225418687
225467724
225499131
225575942
225591853
225916555
226037198
226063446
226155480
226351762
226521533
226531057
226547682
226589018
226838376
226857512
226924955
227033876
227107815
227193873
227216902
227221249
227251945
227310202
227383886
227655596
227665443
227671297
227826804
227865786
227911257
228084479
228186179
228198263
228219848
228250244
228378318
228415341
228459696
228686870
228690942
228765375
228808024
228981123
229031089
229055197
229146276
229158350
229222286
229269488
229288345
229350527
229407974
229426388
229501443
229673089
229789892
229940284
229955391
230002532
230066098
230146817
230279313
230366361
230415571
230429655
230510006
230810160
230902946
230974245
231065376
231112554
231189691
231214645
231250710
231312377
231331628
231382744
231460385
231483364
231569719
231607903
231721498
231800992
231831327
231844522
231945515
231979152
232074689
232112460
232190287
232232658
232261681
232265772
232377411
232446134
232533976
232569573
232662307
232941885
232964564
232994448
233023918
233030081
233052665
233138871
233445371
233476180
233501525
233530826
233613932
233629456
233634704
233657810
233775383
233874849
233876380
233933288
234060848
234151118
234191404
234207865
234211455
234285154
234295407
234363867
234482513
234487371
234621605
234664022
234763543
234825959
234839599
234899374
234901438
234964156
235090979
235096066
235113216
235184305
235302589
235380382
235428259
235430894
235507718
235598644
235599736
235836147
235926708
235965649
236054033
236089992
236104484
236191523
236203229
236278711
236383828
236478582
236497206
236542752
236718619
236752360
236821969
236926937
236954882
236986561
237037055
237300728
237361891
237371846
237441561
237458037
237544513
237747093
237902585
237997099
238014659
238031590
238157570
238165953
238232167
238334229
238408985
238735818
238823259
238834626
238885595
238935751
238972755
239069166
239094396
239139406
239151094
239173752
239266987
239266990
239277464
239304458
239378815
239406349
239408599
239462173
239628005
239662285
239712979
239761680
239873163
239907359
239930985
240190945
240447552
240583777
240652103
240894761
240902851
240945256
241013282
241134685
241219784
241317966
241381856
241388797
241393081
241462146
241487031
241624474
241644369
241661311
241678626
241865677
241965704
242002862
242039795
242158143
242252335
242408667
242498069
242521121
242538895
242586011
242973741
243098761
243128055
243128670
243275774
243282845
243323419
243369719
243437198
243472638
243529571
243529932
243610515
243634685
243695966
243708046
243945175
244006406
244151608
244194453
244210041
244226699
244263702
244322980
244331326
244383387
244429668
244455223
244684904
244763220
244833658
244984832
245059640
245178544
245181396
245316004
245464376
245539175
245566771
245579594
245583741
245633184
245669992
245754943
245847837
245849022
245913149
245940680
245952034
245959462
246076672
246094379
246096343
246121080
246140559
246196621
246283927
246431248
246486143
246518972
246526760
246599103
246615583
246675129
246763814
246866386
246944991
247066447
247191652
247197254
247416565
247578456
247634331
247641098
247648275
247763681
247766023
247792648
247795584
247858180
247864081
247874869
247899739
247950323
248305592
248371931
248424106
248446972
248640676
248701607
248748559
248751069
248789328
248948169
249105162
249138360
249313301
249334168
249396095
249414575
249465131
249545342
249571776
249728917
249837870
249948944
250029950
250032743
250105007
250137236
250149201
250329652
250425047
250428981
250456269
250530681
250575357
250817049
250931387
251210946
251343858
251524416
251571236
251584533
251588697
251651407
251706587
251744602
251765667
251816003
251848101
251850844
252181062
252239178
252384749
252390984
252495587
252499816
252696105
252708257
252749835
252766216
252876462
252967828
252982431
253008209
253028975
253049644
253168152
253421701
253440286
253452076
253503126
253663915
253905155
253938649
254039660
254106662
254141624
254148992
254155154
254168585
254199405
254293282
254332651
254362243
254367882
254525456
254651018
254680972
254713498
254752279
254900965
254945855
254962209
255060506
255082764
255150199
255325741
255339280
255513192
255548223
255610927
255766877
255816548
255899957
255981761
256036602
256216693
256248443
256360771
256400415
256452239
256682079
256684643
256693934
256861178
256898471
256903831
256911737
257017950
257139409
257141975
257166952
257207264
257429176
257476210
257576266
257705659
257807662
257811265
257894758
258022223
258059804
258094706
258232065
258290408
258342532
258358477
258434517
258481278
258533454
258546044
258585639
258651245
258722240
258944208
258960953
259024264
259032765
259076159
259092673
259215341
259293845
259329556
259343624
259365301
259454780
259513998
259602576
259705298
259755164
259849209
259947249
260015575
260092372
260132757
260194180
260271026
260461217
260497729
260559186
260571486
260951187
261001402
261033121
261099663
261123792
261127576
261167358
261172559
261238491
261354066
261516495
261522349
261702981
261817627
261868822
261964737
261989300
262063652
262078164
262125278
262178366
262232815
262274587
262311676
262402794
262411616
262451915
262525575
262614522
262810253
262894816
263035598
263076375
263078344
263111517
263179215
263309735
263347808
263352885
263602098
263602370
263672516
263787813
263862242
263873366
263991804
263995606
264066186
264100977
264127041
264192091
264324268
264340460
264371186
264432565
264632642
264717831
264733649
264734348
264936157
264941049
264959137
265152758
265170769
265233805
265290798
265425752
265529047
265653034
265736314
265752650
265764364
265903017
265966706
265979288
266120123
266402224
266411387
266422898
266432902
266555998
266648118
266675733
266737275
266853318
266934807
266950588
267049534
267192948
267209558
267306101
267373603
267384334
267404184
267561476
267649965
267668391
267807614
267932054
267932438
267962223
268160191
268210580
268231225
268267937
268286902
268297315
268575891
268805041
268813960
268835010
268860602
268897799
268993934
269003236
269043295
269135944
269258906
269265402
269271715
269338267
269366749
269405715
269696973
269720331
269766123
269802170
269803013
269831964
269976479
269999223
270004396
270009826
270109250
270145055
270431158
270792129
270985947
271050638
271115840
271182402
271249379
271354000
271361463
271462155
271520162
271734586
271868750
271873530
271895071
271945934
271961727
272042530
272142443
272157968
272179117
272189951
272239102
272254464
272272226
272302151
272352465
272438206
272519300
272654045
272677638
272725381
272791898
272940612
273015878
273024478
273073671
273267479
273334913
273608900
273656599
273721718
273910921
273963430
273980899
274025577
274109812
274135796
274244200
274337872
274380286
274492958
274506383
274536633
274569340
274695397
274729169
274820589
274880450
274981027
275036818
275409723
275505623
275547953
275563894
275706880
275713242
275803109
275820278
275849196
276091971
276176076
276252296
276284755
276674147
276678213
276914472
276925349
277136033
277155821
277214750
277241429
277459513
277460307
277571752
277718710
277734153
277830086
277879399
277987664
277993151
278030549
278089961
278124020
278151779
278154664
278375515
278439812
278577852
278604136
278651320
278662196
278815862
278902349
278931509
279064071
279317905
279347031
279400845
279425028
279453619
279462912
279560304
279639013
279781839
279805261
279821516
279849224
279871427
280072378
280100657
280196448
280199703
280293629
280297347
280378414
280454562
280520533
280525479
280608483
280752464
280853945
280863834
280885564
280902932
280926592
281056128
281111717
281311217
281367261
281437181
281526336
281553894
281743045
281799063
281918297
281948878
281968062
282049682
282105825
282264078
282420169
282428523
282554879
282612195
282644932
282810838
282928609
282953231
282984207
283116105
283153547
283170512
283297582
283403197
283465936
283553382
283608492
283679628
283780938
283802900
283824415
283839940
283907310
283941118
284060190
284145568
284230640
284231634
284366455
284433069
284702517
284853728
284908509
284923538
284948729
285204762
285257719
285302495
285485089
285528397
285553427
285576081
285601520
285673895
285699065
285712403
286062692
286088616
286254881
286458973
286544292
286673955
286694096
286702070
286849078
286862609
286864966
286890147
286991054
287005127
287309855
287408741
287580363
287630831
287671175
287702700
287747029
287854026
287854852
287940279
287973839
287991581
288017711
288136427
288144866
288264370
288311973
288368654
288452778
288527410
288553875
288640773
288721647
288772216
288841786
288963512
289015839
289051543
289099411
289106306
289283647
289408681
289423610
289560471
289744012
289766557
290027574
290109583
290139072
290159991
290175952
290304904
290347035
290662916
290706405
290746363
290953649
291051008
291070005
291131017
291186626
291292186
291315842
291362326
291377661
291531625
291650688
291689386
291729444
291739737
291834582
291858257
291930030
291987916
292179480
292180295
292421888
292423528
292496447
292503422
292527803
292538856
292629319
292861005
292908332
292939799
292958354
293109352
293202485
293477085
293479923
293513685
293557692
293686712
293773000
293913670
293972070
294200517
294296736
294332042
294368531
294374342
294496564
294528850
294618229
294667450
294698935
294711795
294744500
294825707
294934295
295047921
295142537
295207588
295260770
295265795
295356320
295525578
295591398
295633294
295993553
296025924
296279843
296281660
296289291
296342032
296343387
296408121
296468205
296469237
296521805
296568472
296601693
296649753
296651941
296844285
296930800
296940950
297100531
297105316
297162432
297480076
297580771
297711042
297733494
297777841
297805446
297934897
297963101
297990169
298057728
298158038
298225847
298323101
298522583
298524051
298605245
298642267
298711882
298807448
298859028
298870328
298878253
299101488
299361276
299365633
299404847
299477746
299504220
299559230
299652455
299738916
299817611
299917892
300009453
300119571
300178405
300266530
300396297
300663983
300689672
300832699
300846512
300968432
301080063
301204623
301223539
301260709
301332783
301419128
301553846
301625278
301867991
301961664
302098781
302112215
302214862
302223885
302347326
302389488
302566613
302637911
302957260
302966003
303006219
303067261
303093713
303147087
303244647
303307459
303408902
303486165
303581019
303603026
303792436
303932851
304253493
304285039
304318934
304335770
304348051
304367517
304432260
304747507
304859201
304888309
304925913
304962466
305059084
305071484
305080620
305102653
305110210
305156577
305157514
305212927
305290854
305444254
305551773
305598123
305609117
305645891
305724957
305814145
306010649
306033068
306128196
306156323
306191962
306303952
306348592
306437223
306461475
306486206
306520939
306593793
306866645
306883848
306934518
306985706
307071934
307133654
307183847
307233100
307392737
307470037
307520358
307541919
307584122
307680238
307686455
307734369
307887201
307899364
308128944
308253161
308522650
308604151
308730610
308890610
309006557
309037351
309164814
309211249
309237820
309479452
309741185
309764817
309810408
309847513
309982932
310039574
310072837
310079803
310184821
310345576
310505072
310654771
310806659
310853742
310875749
310880862
310931182
310949740
310955932
311041508
311057402
311257464
311313271
311485443
311488134
311507109
311512455
311522539
311578442
311595049
311620956
311728827
311773667
311825097
312011224
312303321
312388910
312547927
312632613
312727719
312854417
312864608
312952047
313182382
313212015
313303342
313320136
313348525
313415302
313446641
313480898
313548931
313561975
313582963
313894606
313951162
314011927
314136668
314175048
314340446
314345016
314580052
314709625
314805336
314917404
315100594
315103217
315161097
315213640
315303586
315373633
315380670
315477725
315518604
315585033
315883035
315889234
316076931
316124375
316438057
316594587
316654362
316927344
317009124
317027921
317050238
317087328
317168829
317261040
317261486
317301170
317323330
317462620
317582253
317590588
317730259
317733652
317804800
317908338
317951060
318082624
318138416
318159212
318212309
318243632
318456673
318467715
318474976
318534687
318648434
318771303
318824987
318833657
318871903
319110873
319250898
319303362
319336469
319377846
319431532
319461295
319601026
319705480
319722070
319866069
319878902
320378823
320380070
320386171
320391500
320521763
320528517
320618664
320652728
320838289
320912131
320934513
320958202
320972223
321027825
321179117
321335083
321403188
321407530
321426218
321520622
321621480
321839691
321853831
321942911
322023058
322040869
322058301
322143071
322182270
322285010
322324159
322467230
322473509
322486075
322654703
322837577
322918235
323045695
323170847
323186917
323254804
323348730
323401401
323412710
323494141
323644682
323822150
323846561
323892557
323966831
324138819
324169344
324303214
324314994
324628176
324679281
324828904
324932835
324954255
324969957
324977798
325149491
325205327
325366692
325400919
325531265
325540883
325603506
325748780
325766949
325849505
325899092
326024489
326067961
326233865
326309776
326351555
326390015
326450587
326476116
326529546
326569959
326702445
326824516
326888167
326895746
327004775
327057790
327066660
327081875
327108412
327217566
327379815
327397117
327458500
327496661
327536618
327618475
327796696
327915839
328165353
328207121
328321381
328556401
328594741
328664192
328770592
328867113
329036942
329078868
329313111
329323171
329366108
329441473
329495777
329515923
329527727
329688934
329699096
329701747
329851444
329864046
329944411
330026551
330204834
330227645
330237954
330275473
330349692
330385967
330387580
330395305
330526648
330540707
330565622
330672022
330789550
330862923
330966991
331211916
331387143
331582518
331640743
331658509
331767252
331800338
331834252
331945490
331985475
332060803
332083813
332098681
332280291
332398728
332406329
332638616
332674962
332688975
332821757
332941204
333057754
333173855
333501362
333684129
333687393
333707292
333753712
333903199
334039855
334077038
334132280
334265428
334359883
334434016
334439527
334462673
334523689
334533508
334553620
334773072
334829666
334891606
334900279
335097067
335102620
335294668
335343201
335376439
335493383
335543822
335708783
335729322
335891304
335958726
336205600
336308365
336428210
336568242
336576319
336613065
336671788
336730595
336755588
336857812
336869558
336915028
336969744
337001510
337076634
337155545
337289290
337520261
337615382
337635052
337756776
337937528
338026364
338040224
338139148
338148414
338208326
338311411
338364372
338381524
338432640
338552082
338614646
338666940
338699888
338828487
338929846
338971125
338985215
339216576
339228387
339479255
339636168
339698736
339721290
339799076
339972230
340038718
340132278
340147775
340216507
340432858
340442885
340524759
340542518
340589009
341045873
341189250
341210222
341302655
341341720
341438452
341451911
341536406
341555669
341589738
341631303
341734524
341817470
341974658
342131695
342182677
342232479
342287911
342315998
342386689
342456308
342526674
342942908
343064220
343227144
343228039
343380052
343572614
343642232
343695438
343759547
343821745
343838995
343906073
344020613
344024399
344098558
344229896
344450852
344461535
344479019
344512737
344822762
344883967
345020569
345284448
345302984
345305964
345421549
345529695
345590572
345609849
345628199
345732895
345756453
345757603
345794809
345903391
345945905
346055930
346059427
346147543
346151233
346203505
346279336
346484699
346550071
346609281
346624535
346634104
346994901
347010004
347287546
347391029
347467453
347574318
347649345
347694581
347798132
347944205
347944700
347993480
348057993
348208322
348396712
348566121
348715977
348806991
348808040
349018725
349158959
349166049
349299151
349433816
349591175
349685682
349747994
349864530
349932330
350084601
350097161
350127659
350290536
350294507
350326238
350359162
350369200
350510978
350606113
350897243
350917774
350957225
351076651
351109602
351356075
351648349
351759590
351773108
351901065
351909168
351951675
352021192
352081506
352092003
352190840
352218304
352229913
352285247
352486559
352558479
352619047
352734854
352969912
353007212
353020848
353082036
353130016
353203777
353475482
353520824
353574116
353677364
353999528
354006607
354038816
354104410
354115838
354226032
354259678
354283314
354310458
354331399
354500849
354599719
354822354
354858939
354864898
354904712
354963471
355018098
355023905
355068787
355170980
355183420
355259608
355353470
355353591
355490207
355558220
355623405
355707545
355742107
355794562
355881952
355905408
355983055
356142572
356467064
356479908
356491301
356609692
356758274
356877444
356899008
356922445
356988814
357249199
357390011
357464482
357596397
357854090
357900899
357924323
358086842
358118079
358146378
358471583
358481625
358570913
358689625
358745851
358892582
358927604
358960752
358967969
359013708
359190870
359222740
359386688
359414168
359511059
359614265
359643755
359649173
359698319
359783584
360055868
360328376
360517423
360548923
360577203
360578370
360898422
360961720
361076445
361213506
361261633
361296426
361500831
361549863
361613760
361717668
361778480
361954461
362055515
362187779
362315679
362553672
362557408
362732487
362732874
362744230
362846173
363050643
363092589
363137657
363212093
363240519
363254466
363406601
363448007
363511164
363785219
363785426
363862028
363935029
364002025
364175288
364297219
364298837
364307984
364368737
364579154
364753081
364761605
364859681
364903638
365142994
365157654
365224278
365235628
365436848
365447339
365545830
365571965
365614122
365656273
365728741
365856460
365866539
365921068
365981728
366160760
366220457
366229659
366418511
366465257
366491034
366495730
366638579
366733343
366753306
366941368
366957117
367203960
367206081
367364712
367376939
367406729
367407417
367447956
367525089
367619359
367650906
367717771
367819184
367870690
367936472
367981560
368012225
368102681
368164858
368188267
368483856
368535211
368843356
368901705
369011468
369100542
369124425
369168709
369257999
369278418
369403309
369449761
369492018
369566930
369634919
369800191
369948946
369962932
369980485
370056880
370102167
370121238
370369114
370478291
370673254
370681818
370737352
370749966
370811592
370863584
371011065
371131215
371212496
371416177
371450368
371622135
371824713
372109043
372110599
372140101
372198011
372354344
372552038
372642675
372706998
372881769
373080350
373323755
373762453
373820329
373846500
373962029
373973736
374186700
374242343
374264537
374299719
374318720
374616067
374634763
374670926
374704057
374780022
374839883
374915872
374991895
375009343
375015367
375022224
375024670
375054742
375153328
375186228
375201158
375219575
375291737
375376933
375500304
375529341
375954820
375969559
376011770
376022184
376076934
376162863
376224493
376225380
376259802
376268648
376408640
376437170
